0x000fcc49956e4ea71e5c76cef40642b458b09e73
0x00172a79a73b9dfd5871a92a0365280186f7eff4
0x011a6f601ac7307a8e091e7d62b14b00802af217
0x03b367733f46743534c9bb13bd4fb5ae2780babc
0x03d1a11f5e98a02ecd31962dc787000451e0c1d2
0x06e13bd0a3cba08e61028f2326b9ea2ca2539900
0x074bc73dd3f4896c8861661f67d3090a195fb682
0x075f433f3cf1abe80ee963d11b92d05ca5f72d8c
0x0d5f9654bc8e9719f5a7326b555241730947d980
0x0dd273b85e5578c488559107ac98a1ab98f208aa
0x116723a14c7ee8ac3647d37bb5e9f193c29b3489
0x1619f7076866ddc852a5a0a69cbb4d6a338d6d67
0x1769f56553d55cf35b143cf86cd953ee227450cd
0x183abe67478eb7e87c96ca28e2f63dec53f22e3a
0x1aa1c4fdb3b3de2b005a363281d0419e10d1b173
0x1f2a9ca494a1f29a8dd736ff8f589b1f2e9f3a07
0x2750a695786fe77df906b49d0df9ff23ea7f00a2
0x27e832f46148e089d1529d1ba5087dbf1ccc29f2
0x290e4508f112e79baddd4e204483bc37be3091b2
0x2c615d93df6b0d0ffb8b24521153530fa88afb6b
0x2dba88cb3b435f99a3e58b6e0fe450e8f1a3f20f
0x2e4b5a288311b5fb0b25462c7942d9355ed8145c
0x367dc97068ab54ba1dfbfc0fad12fbcb7b3a0d09
0x368dc50bbb5928fc72847af3bf10ba5e4a9b322f
0x3840f067df8a1900a04051fb4bc639f7f83d519d
0x39117cedc1769fd480ff696a61e8534893805865
0x3a051f1d0cf548f5c24893934bb69cbf61844c9f
0x3cd000b1dfa4482dbed44b60b3f1e43ed34c56d6
0x489a0f8be88d6025c88ce431636e7df60518df68
0x48d6153302833c0c0e497eec663f7723c873e708
0x4add6d10680210419c83d4663689ba3657294b73
0x4f410248320a862085df7a5a3daca1a260928069
0x5178b38849eb9200ad681309ee4a6d5b00c23e51
0x51c7fc084c71502aa12730c1aa3942dcb1289837
0x523a06ca89600691701f6afa4dc4e8db0d60ed41
0x5959002cb524181d5526714c2804c3775212d823
0x596558fd287175afa7ff695f565f65e38547b0e6
0x5b513d7bb62f7f28bc3aba2d52fe6167a9b3a827
0x5b8af9043d1a8e4acbaa5c34b7dbce31849a82bd
0x5c1761e297f8bbbe8800c9cbeeb9d6f46639c8cc
0x5e2ce569a84686a7c396e464e019159f231a8ede
0x5e9135d9564400dd49d8b23abec20e0f317c4c22
0x6170014e08317ad94ce9f02a1723ffbec6876786
0x632ecf2cd1f7bcd53b8f81f92dd5658ad1179dcd
0x6380004c7e6fe909bb10e9b28abb37a79e22022f
0x66c1cb7d63d6dc5e049ce7667d8973dc35dfb427
0x6a08986aad2967bd659457472fefd9bcbd417316
0x6ce52498047b8279ccc7c25b41c95cd482525e54
0x6d603d4fa4a62ae57a504a46d5741e19caa9202c
0x6eff21c2bfdf83a33aa690fe3db17fc672244907
0x7279c567d71c65d619e641044d39ab762a4bbace
0x72b2f940f561198702b4addaf38efb27bd294185
0x7865e1795d185e8006820dc8bffd674b4d019eaa
0x7a1c5e9dc063a6915855247e96efab3cfc20ad9d
0x7ce30498e564f081ca65a226f44b1751f93a0f82
0x7d70b5b638a2af9816202880535c8fe8f1fb9772
0x7dab31a034ef37229a53d270dd973e4f559665b3
0x7de33d7ee9dfd7277507138db7f7695220ca1599
0x7fdab8c244e0b775edeeb9ebb8356b59068c6873
0x815cf32608ccd66b205a519dcaf5b6f5dd19fced
0x8b5a0f1fe70792e4284af39c94c716fd19cb8244
0x8e1fdf5f1ba3f86d77b4dc5b8125169ede8eeabd
0x91b49b932dd4b88523a390de9c4b964d463376a0
0x952e2d065e60b0fbc9f130917f227621204ed48f
0x967881c7aa824750a2764694366b250951b95980
0x9bc2879384ec9543718c93bdc769050286f91281
0x9c163eb3589b0dcf366fc23c581307618b68fb06
0x9c66cb22926de77756d719b69dbfd73f794d4e90
0x9d2fd63c49509e82c7abe56d864deabf41ff4a1e
0x9e52bf0f8973324721f4d4e71e913f172074b6d9
0xa01701fb730631b6cf0f2e1f6efddd13241d11a1
0xa0f1de4882a5cd1851989d9a1e9bbe9b4604e9a9
0xa1168968174d3a4f2b6666051800115d86fdc235
0xa1b321dfb73c1bf9aff183c412f53efa07a7583a
0xa25c3aac588c85ea3b5b4aa84d7f812f34354f66
0xa3bcdd84a2a3a3ae09a8ebd1a7a2f142618397ce
0xa3e49fea82d17326636cece9c8c090edf013dccb
0xa65a864ca19535e4c06000768c6cfa9f6ebaeb12
0xaa55b6b6c8b4df868e89a4e96fa72253256d88b4
0xaccb8c9703755e1d0470ac9e04b61eaecc93e12d
0xae2c29ae99da10b81ae3350603a12052952f16ce
0xaf4c93d576664fcf60fcc56df130a42773926126
0xb003b0c6e3d0af5a926842c8441e115e7c6d6d61
0xb072ca86404a0ca5780b01a9f3ac60205b3d8018
0xb6e523cfb6176339331c68d33ec7133aa5e5cfd8
0xb9c4f9e24e02b715c2bfd3d2ca9470303e23ef77
0xbc79d431bb438fc67b9ee150fa07b8c313c52d2d
0xbefe5d435616619253be2e448310f70136d0fddc
0xc2eaa5870c31ffc069238a3c73c79bd29826e299
0xc3956f9e14e62bfe00672ac5a4b5d11f84d8b5b2
0xc481aeec5a219ca98643e71f0b967f40bf211b38
0xc4d4125c83d1108df969dda998227fca80fd82dc
0xc4e60829d772ca5f566e45211becbf5f4cc763b5
0xc98d3abee55c645bc4fce58b168408c04962d41e
0xc9e7aca703c21194413439b4f2ebaa0928ba4921
0xcb69c5838afd73317abe43ea23574ddf7a6e51b7
0xd7342ea20a5afbf24352b5ca61e09844167914cb
0xd91dc7c83bd01b91cb25019dfc4e35bc6faab814
0xdb46c7bae3aed8bd740c1275c3717548954fc34b
0xe052113bd7d7700d623414a0a4585bcae754e9d5
0xe0f8c0fcdf09a3b9ad474f128ed9d4269edddcea
0xe16f0bb3708bd5837d16e89ca62c423f180fd540
0xe9cb56a31a8aaaa28dfd30a037fbcf470bce1e2e
0xebfd394de050a10b0a9d8408ef395aaa8d269de8
0xeccc866468a1db8c62a2e80843b966b18a9213e8
0xecd2663a2c86e08c3cf1e79952a898365b9d894f
0xed9b05d2ff1a3c2fe2922737d09f520363983cf4
0xedc5925cab7d4a9d89e9e318f3c05cd65fbfdba9
0xf06f0c1d0610e2c7427a43b8873c808087497513
0xf1c9a4dabbac7f8473885a19225ccfc7c1ea2ea0
0xf1da6e2d387e9da611dac8a7fc587eaa4b010013
0xf266bd362edec2656ff30d797206d1ca608178d1
0xf38f67d8b16752b18f7358ef216a35423e45f806
0xf599a05b4ea846a5afa1db274b508bb1ba1ddd93
0xf76a3c1965b15fa7b109bc7ce18d64246dae6d72
0xfb762aa47bd12d90dc6fff8ed10b3bb415395ab6
0xfcf080d18e260a01246fd5c6e8a893a7def4d369
0xfff423212eb0b97788d43a0c38b7d5762ba3c6e6
